10 10
10 10 10 10 10 10 10 10 10 10 
10 61
61 59 60 61 59 58 61 55 59 59 
10 112
106 106 109 109 106 105 106 102 104 105 
10 163
152 150 155 151 149 150 151 143 144 149 
10 214
190 178 189 192 185 187 192 176 188 188 
10 265
221 212 220 221 211 208 221 218 229 219 
10 316
257 231 255 239 239 230 250 243 258 246 
10 367
279 248 270 260 266 255 272 261 279 264 
10 418
293 269 285 270 274 284 292 271 284 277 
10 469
297 280 297 274 274 276 308 279 296 282 
10 520
299 285 303 269 281 276 309 286 301 277 
10 571
296 287 286 265 280 281 306 290 296 274 
10 622
279 281 275 251 270 271 298 285 290 272 
10 673
256 261 264 236 258 255 272 259 279 253 
10 724
231 242 235 223 238 230 248 234 246 235 
10 775
207 211 204 201 215 207 215 201 218 206 
10 826
174 174 172 165 170 177 180 163 177 175 
10 877
134 135 131 130 139 136 135 129 140 132 
10 928
89 92 90 88 94 90 91 90 94 88 
10 979
44 45 44 43 45 42 44 43 45 44 
15 10
10 10 10 10 10 10 10 10 10 10 
15 1648
1614 1600 1609 1604 1608 1611 1603 1602 1606 1606 
15 3286
3126 3103 3101 3098 3103 3119 3093 3099 3116 3112 
15 4924
4521 4497 4521 4508 4518 4514 4489 4485 4512 4508 
15 6562
5763 5748 5747 5718 5791 5772 5729 5735 5757 5740 
15 8200
6847 6853 6859 6849 6890 6832 6831 6830 6865 6858 
15 9838
7801 7747 7823 7749 7872 7732 7746 7736 7754 7785 
15 11476
8526 8475 8523 8437 8502 8434 8505 8421 8491 8493 
15 13114
8998 8993 9044 8920 8990 8954 9005 8929 8985 9012 
15 14752
9315 9329 9302 9257 9223 9248 9263 9199 9304 9318 
15 16390
9409 9413 9395 9374 9402 9315 9364 9230 9451 9391 
15 18028
9267 9280 9239 9211 9252 9191 9202 9128 9313 9188 
15 19666
8888 8953 8939 8881 8919 8882 8857 8867 8975 8824 
15 21304
8336 8412 8395 8341 8402 8406 8343 8341 8402 8290 
15 22942
7658 7723 7649 7629 7669 7659 7629 7586 7671 7544 
15 24580
6718 6806 6761 6754 6772 6761 6748 6689 6801 6639 
15 26218
5657 5725 5697 5678 5686 5667 5706 5653 5718 5602 
15 27856
4469 4496 4470 4435 4453 4468 4455 4404 4448 4443 
15 29494
3094 3096 3079 3087 3097 3089 3079 3052 3073 3077 
15 31132
1593 1585 1597 1587 1598 1596 1587 1595 1590 1594 
20 10
10 10 10 10 10 10 10 10 10 10 
20 52438
51078 51065 51125 51064 51106 51127 51054 51074 51010 51149 
20 104866
99263 99287 99268 99291 99373 99207 99222 99341 99139 99396 
20 157294
143938 144037 143754 143948 144013 143850 143904 143737 143860 144052 
20 209722
184122 184099 184108 184232 184124 184131 184110 183913 184080 184324 
20 262150
218871 219143 218993 219017 219010 219283 219040 219015 219131 219128 
20 314578
247970 248389 248002 248271 247901 248349 248363 248355 248214 248039 
20 367006
270572 271097 270459 271099 270374 271083 271099 270880 270795 270527 
20 419434
286711 287097 286639 287365 286855 286997 286981 287097 286844 286499 
20 471862
296150 296649 295947 296446 296117 296455 296288 296465 296058 295677 
20 524290
298812 299323 298625 298861 298683 299127 298653 299027 298574 298254 
20 576718
294640 295039 294423 294719 294261 294873 294639 294876 294171 294236 
20 629146
284081 284554 284142 283766 283874 284177 284118 284006 283462 283694 
20 681574
267299 267606 267103 266943 266954 267431 267419 267069 266600 266901 
20 734002
244071 244304 244117 244155 244040 244323 244348 244000 243767 244058 
20 786430
215450 215606 215533 215690 215268 215562 215507 215214 215127 215248 
20 838858
181082 181425 181278 181330 181241 181274 181325 181185 181332 181048 
20 891286
142189 142211 142287 142256 142199 142257 142366 142112 142088 141934 
20 943714
98712 98616 98671 98564 98530 98529 98681 98500 98537 98378 
20 996142
50960 50970 51040 50943 50936 50983 51071 50942 50936 50922 
20 1048570
6 6 6 6 6 6 6 6 6 6 
