10 10
10 10 10 10 9 10 10 10 10 10 
10 61
61 58 58 58 57 56 61 54 58 54 
10 112
101 100 105 103 100 100 101 98 98 97 
10 163
140 140 139 141 135 136 139 134 136 136 
10 214
175 161 169 172 164 162 174 158 175 167 
10 265
200 189 186 194 185 182 196 186 208 194 
10 316
227 204 217 212 207 199 216 207 233 215 
10 367
244 219 237 236 232 222 234 224 256 228 
10 418
263 238 247 248 242 241 243 232 256 239 
10 469
263 249 252 249 247 239 257 238 267 243 
10 520
266 255 255 243 260 247 263 244 265 238 
10 571
268 256 244 239 261 252 263 248 263 237 
10 622
256 251 241 231 252 243 253 243 256 238 
10 673
237 236 232 223 241 236 236 225 240 224 
10 724
213 217 211 206 221 210 217 207 214 212 
10 775
190 192 185 188 200 188 197 183 195 187 
10 826
165 160 161 156 159 165 163 153 162 164 
10 877
128 125 126 125 134 129 127 121 129 129 
10 928
86 85 90 85 91 88 88 87 88 88 
10 979
43 44 45 42 45 42 44 44 44 44 
15 10
10 10 10 10 10 10 10 10 10 10 
15 1648
1573 1555 1553 1570 1566 1567 1556 1560 1561 1557 
15 3286
2963 2934 2951 2936 2929 2944 2921 2941 2961 2936 
15 4924
4192 4171 4180 4170 4200 4169 4130 4149 4173 4142 
15 6562
5241 5237 5192 5169 5257 5226 5176 5192 5244 5172 
15 8200
6149 6126 6098 6091 6160 6061 6077 6080 6163 6096 
15 9838
6881 6845 6868 6806 6939 6812 6804 6821 6895 6857 
15 11476
7488 7405 7427 7342 7468 7406 7364 7365 7456 7435 
15 13114
7877 7805 7858 7766 7838 7858 7767 7758 7866 7836 
15 14752
8147 8114 8102 8045 8063 8081 8043 7983 8101 8138 
15 16390
8230 8224 8175 8151 8207 8145 8119 8046 8232 8230 
15 18028
8121 8140 8081 8079 8099 8085 8035 8002 8123 8096 
15 19666
7832 7898 7853 7838 7851 7839 7830 7799 7893 7849 
15 21304
7406 7499 7443 7398 7443 7477 7441 7388 7455 7429 
15 22942
6849 6952 6876 6815 6895 6908 6857 6817 6881 6838 
15 24580
6084 6179 6148 6136 6169 6169 6116 6116 6176 6083 
15 26218
5206 5245 5244 5242 5254 5264 5264 5229 5280 5205 
15 27856
4200 4212 4193 4166 4172 4221 4163 4169 4171 4190 
15 29494
2966 2949 2951 2947 2956 2956 2943 2942 2945 2956 
15 31132
1569 1546 1560 1549 1561 1563 1558 1562 1551 1568 
20 10
10 10 10 10 10 10 10 10 10 10 
20 52438
49755 49695 49857 49770 49764 49784 49748 49797 49663 49816 
20 104866
94114 94081 94129 94210 94206 94085 94129 94283 93918 94165 
20 157294
133183 133142 133066 133402 133279 133173 133147 133038 133112 133305 
20 209722
167162 166910 167007 167278 166916 167035 167075 166940 166897 167254 
20 262150
195713 195718 195515 195764 195564 195835 195621 195564 195750 195726 
20 314578
219175 219247 218989 219438 218909 219129 219382 219142 219473 218890 
20 367006
237240 237411 236940 237594 236831 237656 237687 237386 237598 237062 
20 419434
250217 250639 250081 250723 250119 250516 250629 250402 250868 250234 
20 471862
258214 258699 257921 258413 258018 258385 258403 258479 258601 258202 
20 524290
261020 261429 260739 260958 260865 261259 260842 261069 261320 260964 
20 576718
258648 258963 258357 258299 258063 258601 258361 258548 258468 258458 
20 629146
250931 251238 251035 250474 250583 250756 250513 250582 250437 250602 
20 681574
238001 238141 238020 237705 237791 237934 237917 237748 237412 237736 
20 734002
219681 219900 219815 219791 219594 219726 219801 219508 219277 219652 
20 786430
196330 196317 196440 196485 196184 196357 196297 195841 195928 196289 
20 838858
167431 167546 167672 167551 167542 167498 167551 167387 167507 167341 
20 891286
133577 133462 133707 133591 133668 133554 133676 133535 133429 133381 
20 943714
94395 94300 94448 94281 94377 94214 94378 94201 94274 94162 
20 996142
49804 49760 49874 49744 49822 49764 49858 49754 49810 49746 
20 1048570
7 7 7 7 7 7 7 7 7 7 
10 10
10 10 10 10 9 10 10 10 10 10 
10 61
61 58 58 58 57 56 61 54 58 54 
10 112
101 100 105 103 100 100 101 98 98 97 
10 163
140 140 139 141 135 136 139 134 136 136 
10 214
175 161 169 172 164 162 174 158 175 167 
10 265
200 189 186 194 185 182 196 186 208 194 
10 316
227 204 217 212 207 199 216 207 233 215 
10 367
244 219 237 236 232 222 234 224 256 228 
10 418
263 238 247 248 242 241 243 232 256 239 
10 469
263 249 252 249 247 239 257 238 267 243 
10 520
266 255 255 243 260 247 263 244 265 238 
10 571
268 256 244 239 261 252 263 248 263 237 
10 622
256 251 241 231 252 243 253 243 256 238 
10 673
237 236 232 223 241 236 236 225 240 224 
10 724
213 217 211 206 221 210 217 207 214 212 
10 775
190 192 185 188 200 188 197 183 195 187 
10 826
165 160 161 156 159 165 163 153 162 164 
10 877
128 125 126 125 134 129 127 121 129 129 
10 928
86 85 90 85 91 88 88 87 88 88 
10 979
43 44 45 42 45 42 44 44 44 44 
15 10
10 10 10 10 10 10 10 10 10 10 
15 1648
1573 1555 1553 1570 1566 1567 1556 1560 1561 1557 
15 3286
2963 2934 2951 2936 2929 2944 2921 2941 2961 2936 
15 4924
4192 4171 4180 4170 4200 4169 4130 4149 4173 4142 
15 6562
5241 5237 5192 5169 5257 5226 5176 5192 5244 5172 
15 8200
6149 6126 6098 6091 6160 6061 6077 6080 6163 6096 
15 9838
6881 6845 6868 6806 6939 6812 6804 6821 6895 6857 
15 11476
7488 7405 7427 7342 7468 7406 7364 7365 7456 7435 
15 13114
7877 7805 7858 7766 7838 7858 7767 7758 7866 7836 
15 14752
8147 8114 8102 8045 8063 8081 8043 7983 8101 8138 
15 16390
8230 8224 8175 8151 8207 8145 8119 8046 8232 8230 
15 18028
8121 8140 8081 8079 8099 8085 8035 8002 8123 8096 
15 19666
7832 7898 7853 7838 7851 7839 7830 7799 7893 7849 
15 21304
7406 7499 7443 7398 7443 7477 7441 7388 7455 7429 
15 22942
6849 6952 6876 6815 6895 6908 6857 6817 6881 6838 
15 24580
6084 6179 6148 6136 6169 6169 6116 6116 6176 6083 
15 26218
5206 5245 5244 5242 5254 5264 5264 5229 5280 5205 
15 27856
4200 4212 4193 4166 4172 4221 4163 4169 4171 4190 
15 29494
2966 2949 2951 2947 2956 2956 2943 2942 2945 2956 
15 31132
1569 1546 1560 1549 1561 1563 1558 1562 1551 1568 
20 10
10 10 10 10 10 10 10 10 10 10 
20 52438
49755 49695 49857 49770 49764 49784 49748 49797 49663 49816 
20 104866
94114 94081 94129 94210 94206 94085 94129 94283 93918 94165 
20 157294
133183 133142 133066 133402 133279 133173 133147 133038 133112 133305 
20 209722
167162 166910 167007 167278 166916 167035 167075 166940 166897 167254 
20 262150
195713 195718 10 10
10 10 10 10 9 10 10 10 10 10 
10 61
61 58 58 58 57 56 61 54 58 54 
10 112
101 100 105 103 100 100 101 98 98 97 
10 163
140 140 139 141 135 136 139 134 136 136 
10 214
175 161 169 172 164 162 174 158 175 167 
10 265
200 189 186 194 185 182 196 186 208 194 
10 316
227 204 217 212 207 199 216 207 233 215 
10 367
244 219 237 236 232 222 234 224 256 228 
10 418
263 238 247 248 242 241 243 232 256 239 
10 469
263 249 252 249 247 239 257 238 267 243 
10 520
266 255 255 243 260 247 263 244 265 238 
10 571
268 256 244 239 261 252 263 248 263 237 
10 622
256 251 241 231 252 243 253 243 256 238 
10 673
237 236 232 223 241 236 236 225 240 224 
10 724
213 217 211 206 221 210 217 207 214 212 
10 775
190 192 185 188 200 188 197 183 195 187 
10 826
165 160 161 156 159 165 163 153 162 164 
10 877
128 125 126 125 134 129 127 121 129 129 
10 928
86 85 90 85 91 88 88 87 88 88 
10 979
43 44 45 42 45 42 44 44 44 44 
15 10
10 10 10 10 10 10 10 10 10 10 
15 1648
1573 1555 1553 1570 1566 1567 1556 1560 1561 1557 
15 3286
2963 2934 2951 2936 2929 2944 2921 2941 2961 2936 
15 4924
4192 4171 4180 4170 4200 4169 4130 4149 4173 4142 
15 6562
5241 5237 5192 5169 5257 5226 5176 5192 5244 5172 
15 8200
6149 6126 6098 6091 6160 6061 6077 6080 6163 6096 
15 9838
6881 6845 6868 6806 6939 6812 6804 6821 6895 6857 
15 11476
7488 7405 7427 7342 7468 7406 7364 7365 7456 7435 
15 13114
7877 7805 7858 7766 7838 7858 7767 7758 7866 7836 
15 14752
8147 8114 8102 8045 8063 8081 8043 7983 8101 8138 
15 16390
8230 8224 8175 8151 8207 8145 8119 8046 8232 8230 
15 18028
8121 8140 8081 8079 8099 8085 8035 8002 8123 8096 
15 19666
7832 7898 7853 7838 7851 7839 7830 7799 7893 7849 
15 21304
7406 7499 7443 7398 7443 7477 7441 7388 7455 7429 
15 22942
6849 6952 6876 6815 6895 6908 6857 6817 6881 6838 
15 24580
6084 6179 6148 6136 6169 6169 6116 6116 6176 6083 
15 26218
5206 5245 5244 5242 5254 5264 5264 5229 5280 5205 
15 27856
4200 4212 4193 4166 4172 4221 4163 4169 4171 4190 
15 29494
2966 2949 2951 2947 2956 2956 2943 2942 2945 2956 
15 31132
1569 1546 1560 1549 1561 1563 1558 1562 1551 1568 
20 10
10 10 10 10 10 10 10 10 10 10 
20 52438
49755 49695 49857 49770 49764 49784 49748 49797 49663 49816 
20 104866
94114 94081 94129 94210 94206 94085 94129 