10 1
2 2 2 2 1 2 2 2 2 1 
10 2
3 3 4 2 4 3 4 3 4 2 
10 3
5 1 8 1 5 3 4 5 7 3 
10 4
8 5 16 2 5 3 8 5 13 3 
10 5
17 15 32 4 4 7 7 13 29 6 
10 6
33 13 63 4 5 16 7 27 61 7 
10 7
25 25 63 7 4 17 3 13 59 5 
10 8
17 12 127 9 3 17 5 22 57 5 
10 9
17 1 95 1 1 17 1 1 38 1 
15 1
2 1 2 2 2 2 2 2 1 2 
15 2
3 4 4 4 4 3 1 3 4 3 
15 3
3 5 8 5 5 5 3 5 5 3 
15 4
7 1 16 9 13 9 9 4 7 5 
15 5
4 17 10 29 31 17 13 9 10 10 
15 6
9 49 11 63 63 29 31 9 9 9 
15 7
17 49 25 64 63 65 64 9 11 17 
15 8
37 57 41 128 125 129 126 15 9 33 
15 9
61 61 69 128 253 125 119 29 11 34 
15 10
65 125 63 127 253 253 225 61 17 65 
15 11
128 189 33 253 255 241 225 53 19 129 
15 12
86 189 65 477 255 209 201 55 17 129 
15 13
161 127 65 413 191 393 389 49 17 133 
15 14
1 255 65 42 255 545 577 33 17 129 
20 1
1 1 2 1 2 1 1 2 1 2 
20 2
4 1 4 4 4 4 3 4 3 4 
20 3
5 7 7 8 7 5 7 8 5 7 
20 4
9 13 5 16 15 7 8 13 5 15 
20 5
29 29 9 32 29 15 16 17 7 31 
20 6
61 61 29 63 33 17 15 31 17 32 
20 7
63 127 63 125 65 17 31 63 31 63 
20 8
125 127 125 125 64 31 61 65 65 125 
20 9
125 255 253 129 129 65 121 129 129 125 
20 10
253 511 249 129 257 129 253 257 129 253 
20 11
255 1017 505 253 513 129 509 513 127 505 
20 12
255 2033 505 257 513 121 1021 1017 129 509 
20 13
255 2017 993 253 1025 257 1017 1025 129 1017 
20 14
511 2017 985 513 2049 513 1021 1017 257 1009 
20 15
511 4065 1921 513 2049 945 2033 265 257 73 
20 16
509 4065 3581 481 2049 457 4089 257 509 17 
20 17
1017 4065 3069 909 2065 389 8177 197 1025 17 
20 18
2017 8129 2049 761 2065 519 8177 129 2049 17 
20 19
2017 8129 1 1057 2697 513 8161 1 2049 17 
