10 1
32 13 3 6 6 61 3 61 4 125 
10 2
16 14 26 224 247 62 36 6 8 130 
10 3
102 53 30 264 128 1 62 64 4 148 
10 4
116 44 47 232 65 8 55 63 1 132 
15 1
1056 353 33 73 69 2041 41 2045 17 1025 
15 2
1536 3185 1053 541 53 5150 231 2108 3093 1918 
15 3
2992 2935 1553 1242 163 4864 481 2352 3332 1760 
15 4
5188 1428 1721 1332 250 4599 565 2262 3313 2644 
20 1
16353 2049 129 1025 2053 8193 69 32753 161 16385 
20 2
45025 10161 4257 16832 3080 6240 4177 38865 24706 24065 
20 3
46577 66608 5705 40388 4938 22074 20537 54169 36162 38401 
20 4
52031 72200 244752 51672 6226 111552 77857 59881 36724 47753 
