10 1
9 13 2 29 3 13 31 8 17 61 
10 2
9 13 18 60 17 18 57 23 49 62 
10 3
115 68 26 71 30 29 64 80 60 75 
10 4
149 71 62 95 33 37 85 90 84 79 
15 1
265 41 9 249 15 125 241 61 63 129 
15 2
713 1025 257 269 137 181 283 189 115 185 
15 3
847 1064 383 397 158 213 335 249 351 217 
15 4
923 1131 385 507 192 418 369 305 707 244 
20 1
1009 241 33 1021 63 249 2033 253 517 513 
20 2
9217 749 609 2025 569 509 2157 1257 1025 633 
20 3
9465 1237 705 10185 689 1509 2277 2273 2945 695 
20 4
9969 1367 15689 12193 1685 5520 6313 4263 3436 1725 
