10 1
8 8 1 28 2 12 30 7 16 60 
10 2
9 12 17 59 17 17 56 23 48 61 
10 3
114 64 25 70 28 28 62 78 59 74 
10 4
154 70 54 96 31 29 84 89 87 79 
15 1
256 40 8 248 14 124 240 60 62 128 
15 2
768 1024 256 268 136 180 282 188 115 184 
15 3
908 1063 382 396 157 208 334 248 357 216 
15 4
996 1129 384 528 191 417 368 304 710 243 
20 1
1008 240 32 1020 62 248 2032 252 516 512 
20 2
9216 748 608 2024 568 508 2156 1256 1024 632 
20 3
9464 1232 768 10184 688 1500 2276 2272 2944 694 
20 4
9952 1364 15928 12224 1684 5519 6364 4262 3435 1724 
