10 1
32 12 2 6 6 60 1 60 5 124 
10 2
19 12 17 226 250 60 35 8 15 128 
10 3
101 67 31 268 132 1 63 66 6 149 
10 4
121 50 53 264 76 15 60 64 1 133 
15 1
1024 480 32 68 64 2040 46 2044 16 1024 
15 2
1792 3216 1052 556 54 5150 232 2168 3098 1918 
15 3
3376 2994 1552 1280 168 5372 485 2408 3336 1776 
15 4
5912 1472 1688 1394 314 5139 564 2302 3724 2658 
20 1
16352 2048 128 1024 2048 8192 68 32752 184 16384 
20 2
45024 10296 4288 16940 3080 6244 4192 38864 24706 24064 
20 3
47056 67728 5704 40708 5228 22226 20536 54172 37040 38400 
20 4
52532 73576 248840 51976 6342 111552 77920 60904 37797 47746 
