10 10
13 11 12 13 12 11 13 11 11 12 
10 61
71 70 71 78 71 70 72 65 70 71 
10 112
118 123 122 124 121 119 120 122 119 122 
10 163
167 169 171 167 161 168 172 168 163 166 
10 214
212 197 208 211 195 202 212 194 203 209 
10 265
240 226 239 238 219 223 244 236 244 234 
10 316
272 242 272 256 249 240 265 255 273 258 
10 367
290 256 288 271 278 265 278 269 294 272 
10 418
301 276 297 279 281 291 300 279 294 284 
10 469
302 283 307 282 283 282 320 282 300 286 
10 520
302 286 309 273 290 279 317 288 303 278 
10 571
298 288 288 269 287 282 312 290 297 276 
10 622
281 281 275 254 272 273 302 285 290 274 
10 673
257 261 264 237 259 256 273 259 280 255 
10 724
231 242 235 224 239 231 249 234 247 235 
10 775
207 211 204 202 216 207 215 201 218 206 
10 826
174 174 172 165 170 177 180 163 177 175 
10 877
134 135 131 130 139 136 135 129 140 132 
10 928
89 92 90 88 94 90 91 90 94 88 
10 979
44 45 44 43 45 42 44 43 45 44 
15 10
11 11 12 14 14 15 11 12 10 12 
15 1648
1930 1924 1928 1914 1943 1950 1946 1899 1935 1913 
15 3286
3623 3589 3626 3665 3623 3645 3603 3599 3674 3625 
15 4924
5113 5096 5104 5159 5113 5076 5087 5057 5129 5095 
15 6562
6352 6357 6296 6341 6369 6343 6334 6337 6360 6308 
15 8200
7389 7408 7373 7410 7409 7360 7386 7372 7397 7391 
15 9838
8258 8219 8278 8239 8312 8154 8228 8160 8224 8239 
15 11476
8898 8853 8897 8829 8849 8785 8886 8778 8858 8877 
15 13114
9295 9266 9332 9209 9255 9241 9278 9182 9241 9303 
15 14752
9527 9529 9511 9455 9418 9465 9466 9389 9499 9527 
15 16390
9544 9537 9543 9514 9527 9467 9515 9358 9588 9511 
15 18028
9361 9358 9337 9297 9332 9289 9286 9209 9399 9277 
15 19666
8953 9002 9001 8930 8971 8925 8906 8910 9019 8881 
15 21304
8376 8430 8423 8372 8425 8422 8373 8358 8427 8322 
15 22942
7674 7736 7660 7643 7682 7668 7643 7593 7683 7558 
15 24580
6726 6812 6763 6759 6776 6762 6755 6694 6804 6643 
15 26218
5661 5728 5697 5678 5687 5668 5708 5657 5718 5603 
15 27856
4470 4496 4470 4435 4453 4468 4455 4405 4448 4443 
15 29494
3094 3096 3079 3087 3097 3089 3079 3052 3073 3077 
15 31132
1593 1585 1597 1587 1598 1596 1587 1595 1590 1594 
20 10
13 12 11 13 12 14 11 11 15 14 
20 52438
61596 61538 61560 61531 61561 61763 61499 61409 61589 61639 
20 104866
115779 115907 115892 115878 115891 115822 115751 115856 115802 116118 
20 157294
163008 163174 162733 163078 163077 162839 162892 162712 162970 163054 
20 209722
203124 203162 202897 203161 203042 202918 203148 202873 203039 203128 
20 262150
236059 236428 235946 236220 236117 236385 236383 236125 236368 236297 
20 314578
262511 262875 262445 262895 262588 262920 263168 263020 262873 262650 
20 367006
282242 282631 282048 282814 282075 282688 282969 282689 282534 282364 
20 419434
295638 295967 295687 296311 295781 296000 295966 296173 295849 295582 
20 471862
302576 303112 302551 302897 302498 302986 302804 303048 302566 302223 
20 524290
303182 303755 303120 303340 302985 303498 303109 303580 303049 302807 
20 576718
297422 297887 297244 297613 297028 297618 297531 297707 297052 297095 
20 629146
285702 286255 285753 285445 285516 285764 285796 285626 285093 285350 
20 681574
268177 268522 267961 267851 267835 268289 268324 267957 267464 267795 
20 734002
244501 244737 244501 244562 244441 244726 244760 244398 244168 244442 
20 786430
215626 215775 215686 215863 215415 215709 215678 215392 215277 215401 
20 838858
181135 181480 181331 181375 181296 181304 181382 181236 181381 181091 
20 891286
142201 142224 142292 142265 142214 142261 142382 142119 142100 141941 
20 943714
98714 98618 98672 98564 98531 98532 98685 98500 98539 98378 
20 996142
50960 50971 51040 50943 50936 50983 51072 50942 50936 50922 
20 1048570
6 6 6 6 6 6 6 6 6 6 
