10 1
1 1 1 1 0 1 1 1 1 0 
10 2
2 2 3 2 3 2 3 2 3 2 
10 3
4 1 7 1 4 3 4 4 6 3 
10 4
7 5 15 2 5 3 8 6 12 3 
10 5
16 15 31 4 4 7 7 14 28 7 
10 6
32 13 63 4 5 16 7 28 60 7 
10 7
26 25 64 7 5 17 4 12 60 6 
10 8
17 14 128 9 4 17 5 25 58 6 
10 9
18 1 97 1 1 17 1 1 41 1 
15 1
1 0 1 1 1 1 1 1 0 1 
15 2
1 3 3 3 3 2 0 2 3 2 
15 3
2 4 7 4 4 4 2 4 4 2 
15 4
6 0 15 8 12 8 8 4 4 4 
15 5
4 16 8 28 30 16 12 9 9 8 
15 6
9 48 9 62 62 28 30 9 9 9 
15 7
17 49 17 64 63 64 64 9 9 17 
15 8
37 57 33 128 125 128 126 16 9 33 
15 9
61 61 69 128 253 125 121 30 11 34 
15 10
65 125 63 127 253 253 226 62 17 65 
15 11
129 190 33 253 255 242 226 54 19 129 
15 12
89 190 65 478 255 210 194 56 17 129 
15 13
163 127 65 414 192 394 390 50 18 129 
15 14
1 255 65 45 255 548 579 33 18 129 
20 1
0 0 1 0 1 0 0 1 0 1 
20 2
3 0 3 3 3 3 2 3 2 3 
20 3
4 6 6 7 6 4 6 7 4 6 
20 4
8 12 5 15 14 6 8 12 5 14 
20 5
28 28 9 31 28 14 16 16 7 30 
20 6
60 60 29 62 32 17 15 30 17 32 
20 7
63 126 63 124 64 17 31 62 31 63 
20 8
125 127 125 125 64 31 61 65 65 125 
20 9
125 255 253 129 129 65 121 129 129 125 
20 10
253 511 249 129 257 129 253 257 129 253 
20 11
255 1017 505 253 513 129 509 513 127 505 
20 12
255 2033 505 257 513 121 1021 1017 129 509 
20 13
255 2017 994 253 1025 257 1017 1025 129 1017 
20 14
511 2017 986 513 2049 513 1021 1017 257 1009 
20 15
511 4065 1922 513 2049 946 2033 257 257 69 
20 16
509 4065 3582 482 2049 466 4089 257 509 23 
20 17
1017 4065 3070 912 2049 390 8177 198 1025 23 
20 18
2017 8129 2050 762 2049 519 8177 130 2049 23 
20 19
2017 8129 1 1058 2699 514 8161 1 2050 21 
10 1

10 2

10 3

10 4

10 5

10 6

10 7

10 8

10 9

15 1

15 2

15 3

15 4

15 5

15 6

15 7

15 8

15 9

15 10

15 11

15 12

15 13

15 14

20 1

20 2

20 3

20 4

20 5

20 6

20 7

20 8

20 9

20 10

20 11

20 12

20 13

20 14

20 15

20 16

20 17

20 18

20 19











































10 1
1 1 1 1 0 1 1 1 1 0 
10 2
2 2 3 2 3 2 3 2 3 2 
10 3
4 1 7 1 4 3 4 4 6 3 
10 4
7 5 15 2 5 3 8 6 12 3 
10 5
16 15 31 4 4 7 7 14 28 7 
10 6
32 13 63 4 5 16 7 28 60 7 
10 7
26 25 64 7 5 17 4 12 60 6 
10 8
17 14 128 9 4 17 5 25 58 6 
10 9
18 1 97 1 1 17 1 1 41 1 
15 1
1 0 1 1 1 1 1 1 0 1 
15 2
1 3 3 3 3 2 0 2 3 2 
15 3
2 4 7 4 4 4 2 4 4 2 
15 4
6 0 15 8 12 8 8 4 4 4 
15 5
4 16 8 28 30 16 12 9 9 8 
15 6
9 48 9 62 62 28 30 9 9 9 
15 7
17 49 17 64 63 64 64 9 9 17 
15 8
37 57 33 128 125 128 126 16 9 33 
15 9
61 61 69 128 253 125 121 30 11 34 
15 10
65 125 63 127 253 253 226 62 17 65 
15 11
129 190 33 253 255 242 226 54 19 129 
15 12
89 190 65 478 255 210 194 56 17 129 
15 13
163 127 65 414 192 394 390 50 18 129 
15 14
1 255 65 45 255 548 579 33 18 129 
20 1
0 0 1 0 1 0 0 1 0 1 
20 2
3 0 3 3 3 3 2 3 2 3 
20 3
4 6 6 7 6 4 6 7 4 6 
20 4
8 12 5 15 14 6 8 12 5 14 
20 5
28 28 9 31 28 14 16 16 7 30 
20 6
60 60 29 62 32 17 15 30 17 32 
20 7
63 126 63 124 64 17 31 62 31 63 
20 8
125 127 125 125 64 31 61 65 65 125 
20 9
125 255 253 129 129 65 121 129 129 125 
20 10
253 511 249 129 257 129 253 257 129 253 
20 11
255 1017 505 253 513 129 509 513 127 505 
20 12
255 2033 505 257 513 121 1021 1017 129 509 
20 13
255 2017 994 253 1025 257 1017 1025 129 1017 
20 14
511 2017 986 513 2049 513 1021 1017 257 1009 
20 15
511 4065 1922 513 2049 946 2033 257 257 69 
20 16
509 4065 3582 482 2049 466 4089 257 509 23 
20 17
1017 4065 3070 912 2049 390 8177 198 1025 23 
20 18
2017 8129 2050 762 2049 519 8177 130 2049 23 
20 19
2017 8129 1 1058 2699 514 8161 1 2050 21 
